<!DOCTYPE html>
<html>

<head>
    <meta charset='utf-8'>
    <meta http-equiv='X-UA-Compatible' content='IE=edge'>
    <title>Ava</title>
    <meta name='viewport' content='width=device-width, initial-scale=1'>
    <link rel='stylesheet' type='text/css' media='screen' href='main.css'>

    <!-- Favicon -->
    <link rel="apple-touch-icon" sizes="180x180" href="/apple-touch-icon.png">
    <link rel="icon" type="image/png" sizes="32x32" href="/favicon-32x32.png">
    <link rel="icon" type="image/png" sizes="16x16" href="/favicon-16x16.png">
    <link rel="manifest" href="/site.webmanifest">
    <link rel="mask-icon" href="/safari-pinned-tab.svg" color="#5bbad5">
    <meta name="msapplication-TileColor" content="#da532c">
    <meta name="theme-color" content="#ffffff">
</head>

<body>
    <header>
        <div class="header__flex-wrapper">
            <img src="logo_black.svg" alt="Ava Logo">
            <a href="mailto:hello@ava.digital" class="button button--zajem">
                Mám zájem
            </a>
        </div>
    </header>
    <div class="container">
        <div class="left">
            <div class="hero">
                <div class="hero__header">Automatizujte prodeje<br>
                    a zákaznickou péči<br>
                    v Messengeru<svg width="24" height="24" viewBox="0 0 24 24" fill="none"
                        xmlns="http://www.w3.org/2000/svg">
                        <path
                            d="M12.0018 0C5.37554 0 0.00390625 4.97459 0.00390625 11.1111C0.00390625 14.6078 1.7486 17.7267 4.47518 19.7635V24L8.56035 21.7576C9.6506 22.0593 10.8056 22.2222 12.0018 22.2222C18.6281 22.2222 23.9997 17.2476 23.9997 11.1111C23.9997 4.97459 18.6281 0 12.0018 0ZM13.1942 14.963L10.1388 11.7037L4.17709 14.963L10.735 8L13.8648 11.2593L19.752 8L13.1942 14.963Z"
                            fill="#0084FF" />
                    </svg>
                </div>
                <div class="hero__text">
                    Vytvořím pro vás chatbota na míru<br>
                    a otevřu vám nový kanál úspěšnější<br>
                    než e-mailing.
                </div>
                <div class="hero__buttons">
                    <button class="button button--chatbot--action" data-action="1">Co je to Chatbot?</button>
                    <button class="button button--chatbot--action" data-action="2">Co dokáže?</button>
                    <button class="button button--chatbot--action" data-action="3">Jak ho využít?</button>
                    <a href="https://messenger.com" class="button button--messenger">
                        <span>
                            <svg width="20" height="20" viewBox="0 0 26 26" fill="none"
                                xmlns="http://www.w3.org/2000/svg">
                                <path
                                    d="M13.0016 0C5.82318 0 0.00390625 5.38914 0.00390625 12.037C0.00390625 15.8251 1.89399 19.204 4.84778 21.4104V26L9.27339 23.5707C10.4545 23.8976 11.7057 24.0741 13.0016 24.0741C20.1801 24.0741 25.9994 18.6849 25.9994 12.037C25.9994 5.38914 20.1801 0 13.0016 0ZM14.2933 16.2099L10.9834 12.679L4.52486 16.2099L11.6292 8.66667L15.0199 12.1975L21.3977 8.66667L14.2933 16.2099Z"
                                    fill="white" />
                            </svg>
                            Vyzkoušet</span>
                    </a>
                </div>
            </div>
        </div>
        <div class="right">
            <div class="entita"><svg viewBox="0 0 600 600">
                    <g transform="translate(300,300)">
                        <path fill="#0084FF"
                            d="M 162.786 -168.924 C 201.071 -124.425 215.424 -62.2062 212.439 -3.07258 C 209.367 56.1485 188.869 112.222 150.583 159.647 C 112.222 206.997 56.1485 245.624 -1.01421 246.638 C -58.0895 247.565 -116.191 210.967 -160.179 163.617 C -204.092 116.191 -233.816 58.0895 -229.543 4.36004 C -225.183 -49.4694 -186.752 -98.9388 -142.839 -143.351 C -98.9388 -187.863 -49.4694 -227.317 6.41841 -233.735 C 62.2062 -240.154 124.425 -213.436 162.786 -168.924 Z">
                            <animate attributeName="d" dur="70000ms" repeatCount="indefinite" calcMode="linear" values="
                    M132.7,-141.2C167.4,-98.1,187.7,-49,189.7,2C191.7,53,175.4,106.1,140.7,153.7C106.1,201.4,53,243.7,-4.6,248.3C-62.2,252.9,-124.5,219.8,-169.1,172.1C-213.8,124.5,-240.9,62.2,-241.7,-0.8C-242.5,-63.9,-217.1,-127.8,-172.4,-170.9C-127.8,-214.1,-63.9,-236.5,-7.4,-229.1C49,-221.7,98.1,-184.4,132.7,-141.2Z;
                    M155.7,-148C204.3,-107,248.2,-53.5,256.5,8.4C264.9,70.2,237.8,140.5,189.1,182C140.5,223.5,70.2,236.2,3.3,232.9C-63.6,229.6,-127.3,210.3,-165.3,168.8C-203.3,127.3,-215.6,63.6,-214.7,0.9C-213.8,-61.8,-199.5,-123.5,-161.5,-164.5C-123.5,-205.5,-61.8,-225.8,-4.1,-221.6C53.5,-217.5,107,-189,155.7,-148Z;
                    M125.6,-141.7C158.7,-92.4,178.9,-46.2,177.1,-1.8C175.3,42.7,151.7,85.3,118.5,121.8C85.3,158.3,42.7,188.7,-10.3,198.9C-63.2,209.2,-126.3,199.3,-157.3,162.8C-188.3,126.3,-187.2,63.2,-189.6,-2.5C-192.1,-68.1,-198.2,-136.2,-167.2,-185.6C-136.2,-234.9,-68.1,-265.5,-11,-254.5C46.2,-243.5,92.4,-191.1,125.6,-141.7Z;
                    M143.5,-125.6C193.1,-93.8,245.6,-46.9,249.3,3.8C253.1,54.4,208.2,108.9,158.6,147.6C108.9,186.2,54.4,209.1,4.9,204.2C-44.5,199.2,-89.1,166.4,-137.1,127.8C-185.1,89.1,-236.5,44.5,-245.6,-9.1C-254.7,-62.7,-221.4,-125.4,-173.4,-157.2C-125.4,-189.1,-62.7,-190,-7.9,-182.1C46.9,-174.2,93.8,-157.5,143.5,-125.6Z;
                    M173.1,-167.2C215.6,-130.6,235.3,-65.3,232,-3.3C228.7,58.7,202.4,117.4,159.9,158.5C117.4,199.7,58.7,223.4,8,215.3C-42.7,207.3,-85.3,167.7,-132.5,126.5C-179.7,85.3,-231.3,42.7,-237.1,-5.8C-242.9,-54.2,-202.8,-108.4,-155.6,-145.1C-108.4,-181.8,-54.2,-200.9,5.5,-206.4C65.3,-212,130.6,-203.9,173.1,-167.2Z;
                    M164.9,-152.8C207.8,-122.1,232.4,-61,231.8,-0.6C231.2,59.9,205.4,119.7,162.6,159.7C119.7,199.7,59.9,219.9,7.3,212.6C-45.3,205.3,-90.5,170.5,-127.2,130.5C-163.8,90.5,-191.9,45.3,-203.6,-11.7C-215.3,-68.6,-210.5,-137.2,-173.8,-167.8C-137.2,-198.5,-68.6,-191.3,-3.8,-187.5C61,-183.7,122.1,-183.4,164.9,-152.8Z;
                    M162.8,-162.9C197.8,-127.8,203.9,-63.9,197.4,-6.5C190.9,50.9,171.8,101.8,136.8,135.5C101.8,169.2,50.9,185.6,-4.5,190.1C-59.9,194.5,-119.7,187.1,-152.9,153.4C-186.1,119.7,-192.5,59.9,-186.3,6.2C-180,-47.4,-161.1,-94.8,-127.9,-129.9C-94.8,-165.1,-47.4,-188,8.2,-196.3C63.9,-204.5,127.8,-198.1,162.8,-162.9Z;
                    M176.8,-184.9C214.9,-138.6,222,-69.3,214.2,-7.8C206.4,53.7,183.8,107.5,145.6,152.1C107.5,196.8,53.7,232.4,-8,240.4C-69.8,248.4,-139.5,228.9,-180,184.2C-220.5,139.5,-231.8,69.8,-224.8,7C-217.9,-55.9,-192.7,-111.7,-152.2,-158.1C-111.7,-204.4,-55.9,-241.2,6.7,-247.9C69.3,-254.6,138.6,-231.3,176.8,-184.9Z;
                    M135.5,-122.2C180.5,-90.5,225.3,-45.3,227.8,2.6C230.4,50.4,190.9,100.9,145.9,148.7C100.9,196.5,50.4,241.8,1.6,240.1C-47.1,238.5,-94.3,189.9,-143.9,142.1C-193.6,94.3,-245.8,47.1,-255.6,-9.8C-265.4,-66.7,-232.7,-133.4,-183.1,-165.1C-133.4,-196.7,-66.7,-193.4,-10.7,-182.6C45.3,-171.9,90.5,-153.8,135.5,-122.2Z;
                    M167.1,-172.9C205.9,-128.2,219.4,-64.1,215.7,-3.8C211.9,56.6,190.8,113.1,152,160.5C113.1,207.8,56.6,245.9,-0.5,246.4C-57.5,246.8,-115,209.7,-158.9,162.4C-202.7,115,-232.8,57.5,-227.8,5.1C-222.7,-47.4,-182.4,-94.8,-138.6,-139.4C-94.8,-184.1,-47.4,-226,8.4,-234.4C64.1,-242.8,128.2,-217.6,167.1,-172.9Z;
                    M132.7,-141.2C167.4,-98.1,187.7,-49,189.7,2C191.7,53,175.4,106.1,140.7,153.7C106.1,201.4,53,243.7,-4.6,248.3C-62.2,252.9,-124.5,219.8,-169.1,172.1C-213.8,124.5,-240.9,62.2,-241.7,-0.8C-242.5,-63.9,-217.1,-127.8,-172.4,-170.9C-127.8,-214.1,-63.9,-236.5,-7.4,-229.1C49,-221.7,98.1,-184.4,132.7,-141.2Z
                "></animate>
                        </path>
                    </g>
                    <g transform="translate(140,250) scale(.3)">
                        <path fill="#74A7F4"
                            d="M 152.154 -155.225 C 187.048 -117.296 198.17 -58.6302 194.677 -3.49372 C 191.183 51.6427 173.073 103.321 138.179 141.937 C 103.321 180.589 51.6427 206.149 -4.53537 210.684 C -60.7135 215.155 -121.398 198.665 -158.63 160.014 C -195.897 121.398 -209.618 60.7135 -205.894 3.72424 C -202.105 -53.2357 -180.906 -106.471 -143.639 -144.401 C -106.471 -182.43 -53.2357 -205.154 2.68258 -207.901 C 58.6302 -210.583 117.296 -193.255 152.154 -155.225 Z">
                            <animate attributeName="d" dur="60000ms" repeatCount="indefinite" calcMode="linear" values="
                    M132.7,-141.2C167.4,-98.1,187.7,-49,189.7,2C191.7,53,175.4,106.1,140.7,153.7C106.1,201.4,53,243.7,-4.6,248.3C-62.2,252.9,-124.5,219.8,-169.1,172.1C-213.8,124.5,-240.9,62.2,-241.7,-0.8C-242.5,-63.9,-217.1,-127.8,-172.4,-170.9C-127.8,-214.1,-63.9,-236.5,-7.4,-229.1C49,-221.7,98.1,-184.4,132.7,-141.2Z;
                    M162.8,-162.9C197.8,-127.8,203.9,-63.9,197.4,-6.5C190.9,50.9,171.8,101.8,136.8,135.5C101.8,169.2,50.9,185.6,-4.5,190.1C-59.9,194.5,-119.7,187.1,-152.9,153.4C-186.1,119.7,-192.5,59.9,-186.3,6.2C-180,-47.4,-161.1,-94.8,-127.9,-129.9C-94.8,-165.1,-47.4,-188,8.2,-196.3C63.9,-204.5,127.8,-198.1,162.8,-162.9Z;
                    M143.5,-125.6C193.1,-93.8,245.6,-46.9,249.3,3.8C253.1,54.4,208.2,108.9,158.6,147.6C108.9,186.2,54.4,209.1,4.9,204.2C-44.5,199.2,-89.1,166.4,-137.1,127.8C-185.1,89.1,-236.5,44.5,-245.6,-9.1C-254.7,-62.7,-221.4,-125.4,-173.4,-157.2C-125.4,-189.1,-62.7,-190,-7.9,-182.1C46.9,-174.2,93.8,-157.5,143.5,-125.6Z;
                    M164.9,-152.8C207.8,-122.1,232.4,-61,231.8,-0.6C231.2,59.9,205.4,119.7,162.6,159.7C119.7,199.7,59.9,219.9,7.3,212.6C-45.3,205.3,-90.5,170.5,-127.2,130.5C-163.8,90.5,-191.9,45.3,-203.6,-11.7C-215.3,-68.6,-210.5,-137.2,-173.8,-167.8C-137.2,-198.5,-68.6,-191.3,-3.8,-187.5C61,-183.7,122.1,-183.4,164.9,-152.8Z;
                    M135.5,-122.2C180.5,-90.5,225.3,-45.3,227.8,2.6C230.4,50.4,190.9,100.9,145.9,148.7C100.9,196.5,50.4,241.8,1.6,240.1C-47.1,238.5,-94.3,189.9,-143.9,142.1C-193.6,94.3,-245.8,47.1,-255.6,-9.8C-265.4,-66.7,-232.7,-133.4,-183.1,-165.1C-133.4,-196.7,-66.7,-193.4,-10.7,-182.6C45.3,-171.9,90.5,-153.8,135.5,-122.2Z;
                    M176.8,-184.9C214.9,-138.6,222,-69.3,214.2,-7.8C206.4,53.7,183.8,107.5,145.6,152.1C107.5,196.8,53.7,232.4,-8,240.4C-69.8,248.4,-139.5,228.9,-180,184.2C-220.5,139.5,-231.8,69.8,-224.8,7C-217.9,-55.9,-192.7,-111.7,-152.2,-158.1C-111.7,-204.4,-55.9,-241.2,6.7,-247.9C69.3,-254.6,138.6,-231.3,176.8,-184.9Z;
                    M125.6,-141.7C158.7,-92.4,178.9,-46.2,177.1,-1.8C175.3,42.7,151.7,85.3,118.5,121.8C85.3,158.3,42.7,188.7,-10.3,198.9C-63.2,209.2,-126.3,199.3,-157.3,162.8C-188.3,126.3,-187.2,63.2,-189.6,-2.5C-192.1,-68.1,-198.2,-136.2,-167.2,-185.6C-136.2,-234.9,-68.1,-265.5,-11,-254.5C46.2,-243.5,92.4,-191.1,125.6,-141.7Z;
                    M167.1,-172.9C205.9,-128.2,219.4,-64.1,215.7,-3.8C211.9,56.6,190.8,113.1,152,160.5C113.1,207.8,56.6,245.9,-0.5,246.4C-57.5,246.8,-115,209.7,-158.9,162.4C-202.7,115,-232.8,57.5,-227.8,5.1C-222.7,-47.4,-182.4,-94.8,-138.6,-139.4C-94.8,-184.1,-47.4,-226,8.4,-234.4C64.1,-242.8,128.2,-217.6,167.1,-172.9Z;
                    M173.1,-167.2C215.6,-130.6,235.3,-65.3,232,-3.3C228.7,58.7,202.4,117.4,159.9,158.5C117.4,199.7,58.7,223.4,8,215.3C-42.7,207.3,-85.3,167.7,-132.5,126.5C-179.7,85.3,-231.3,42.7,-237.1,-5.8C-242.9,-54.2,-202.8,-108.4,-155.6,-145.1C-108.4,-181.8,-54.2,-200.9,5.5,-206.4C65.3,-212,130.6,-203.9,173.1,-167.2Z;
                    M155.7,-148C204.3,-107,248.2,-53.5,256.5,8.4C264.9,70.2,237.8,140.5,189.1,182C140.5,223.5,70.2,236.2,3.3,232.9C-63.6,229.6,-127.3,210.3,-165.3,168.8C-203.3,127.3,-215.6,63.6,-214.7,0.9C-213.8,-61.8,-199.5,-123.5,-161.5,-164.5C-123.5,-205.5,-61.8,-225.8,-4.1,-221.6C53.5,-217.5,107,-189,155.7,-148Z;
                    M132.7,-141.2C167.4,-98.1,187.7,-49,189.7,2C191.7,53,175.4,106.1,140.7,153.7C106.1,201.4,53,243.7,-4.6,248.3C-62.2,252.9,-124.5,219.8,-169.1,172.1C-213.8,124.5,-240.9,62.2,-241.7,-0.8C-242.5,-63.9,-217.1,-127.8,-172.4,-170.9C-127.8,-214.1,-63.9,-236.5,-7.4,-229.1C49,-221.7,98.1,-184.4,132.7,-141.2Z
                "></animate>
                        </path>
                    </g>
                    <g transform="translate(400,200) scale(.6)">
                        <path fill="#185AF6"
                            d="M 154.452 -158.142 C 189.025 -119.856 198.29 -59.9278 192.844 -5.44524 C 187.399 49.0598 167.289 98.0971 132.693 132.425 C 98.0971 166.754 49.0598 186.296 -5.80162 192.075 C -60.6406 197.799 -121.181 189.838 -153.887 155.51 C -186.594 121.181 -191.311 60.6406 -187.041 4.24757 C -182.715 -52.0454 -169.426 -104.091 -136.72 -142.4 C -104.091 -180.764 -52.0454 -205.392 3.8912 -209.361 C 59.9278 -213.252 119.856 -196.529 154.452 -158.142 Z">
                            <animate attributeName="d" dur="50000ms" repeatCount="indefinite" calcMode="linear" values="
                    M132.7,-141.2C167.4,-98.1,187.7,-49,189.7,2C191.7,53,175.4,106.1,140.7,153.7C106.1,201.4,53,243.7,-4.6,248.3C-62.2,252.9,-124.5,219.8,-169.1,172.1C-213.8,124.5,-240.9,62.2,-241.7,-0.8C-242.5,-63.9,-217.1,-127.8,-172.4,-170.9C-127.8,-214.1,-63.9,-236.5,-7.4,-229.1C49,-221.7,98.1,-184.4,132.7,-141.2Z;
                    M173.1,-167.2C215.6,-130.6,235.3,-65.3,232,-3.3C228.7,58.7,202.4,117.4,159.9,158.5C117.4,199.7,58.7,223.4,8,215.3C-42.7,207.3,-85.3,167.7,-132.5,126.5C-179.7,85.3,-231.3,42.7,-237.1,-5.8C-242.9,-54.2,-202.8,-108.4,-155.6,-145.1C-108.4,-181.8,-54.2,-200.9,5.5,-206.4C65.3,-212,130.6,-203.9,173.1,-167.2Z;
                    M125.6,-141.7C158.7,-92.4,178.9,-46.2,177.1,-1.8C175.3,42.7,151.7,85.3,118.5,121.8C85.3,158.3,42.7,188.7,-10.3,198.9C-63.2,209.2,-126.3,199.3,-157.3,162.8C-188.3,126.3,-187.2,63.2,-189.6,-2.5C-192.1,-68.1,-198.2,-136.2,-167.2,-185.6C-136.2,-234.9,-68.1,-265.5,-11,-254.5C46.2,-243.5,92.4,-191.1,125.6,-141.7Z;
                    M162.8,-162.9C197.8,-127.8,203.9,-63.9,197.4,-6.5C190.9,50.9,171.8,101.8,136.8,135.5C101.8,169.2,50.9,185.6,-4.5,190.1C-59.9,194.5,-119.7,187.1,-152.9,153.4C-186.1,119.7,-192.5,59.9,-186.3,6.2C-180,-47.4,-161.1,-94.8,-127.9,-129.9C-94.8,-165.1,-47.4,-188,8.2,-196.3C63.9,-204.5,127.8,-198.1,162.8,-162.9Z;
                    M164.9,-152.8C207.8,-122.1,232.4,-61,231.8,-0.6C231.2,59.9,205.4,119.7,162.6,159.7C119.7,199.7,59.9,219.9,7.3,212.6C-45.3,205.3,-90.5,170.5,-127.2,130.5C-163.8,90.5,-191.9,45.3,-203.6,-11.7C-215.3,-68.6,-210.5,-137.2,-173.8,-167.8C-137.2,-198.5,-68.6,-191.3,-3.8,-187.5C61,-183.7,122.1,-183.4,164.9,-152.8Z;
                    M176.8,-184.9C214.9,-138.6,222,-69.3,214.2,-7.8C206.4,53.7,183.8,107.5,145.6,152.1C107.5,196.8,53.7,232.4,-8,240.4C-69.8,248.4,-139.5,228.9,-180,184.2C-220.5,139.5,-231.8,69.8,-224.8,7C-217.9,-55.9,-192.7,-111.7,-152.2,-158.1C-111.7,-204.4,-55.9,-241.2,6.7,-247.9C69.3,-254.6,138.6,-231.3,176.8,-184.9Z;
                    M135.5,-122.2C180.5,-90.5,225.3,-45.3,227.8,2.6C230.4,50.4,190.9,100.9,145.9,148.7C100.9,196.5,50.4,241.8,1.6,240.1C-47.1,238.5,-94.3,189.9,-143.9,142.1C-193.6,94.3,-245.8,47.1,-255.6,-9.8C-265.4,-66.7,-232.7,-133.4,-183.1,-165.1C-133.4,-196.7,-66.7,-193.4,-10.7,-182.6C45.3,-171.9,90.5,-153.8,135.5,-122.2Z;
                    M167.1,-172.9C205.9,-128.2,219.4,-64.1,215.7,-3.8C211.9,56.6,190.8,113.1,152,160.5C113.1,207.8,56.6,245.9,-0.5,246.4C-57.5,246.8,-115,209.7,-158.9,162.4C-202.7,115,-232.8,57.5,-227.8,5.1C-222.7,-47.4,-182.4,-94.8,-138.6,-139.4C-94.8,-184.1,-47.4,-226,8.4,-234.4C64.1,-242.8,128.2,-217.6,167.1,-172.9Z;
                    M155.7,-148C204.3,-107,248.2,-53.5,256.5,8.4C264.9,70.2,237.8,140.5,189.1,182C140.5,223.5,70.2,236.2,3.3,232.9C-63.6,229.6,-127.3,210.3,-165.3,168.8C-203.3,127.3,-215.6,63.6,-214.7,0.9C-213.8,-61.8,-199.5,-123.5,-161.5,-164.5C-123.5,-205.5,-61.8,-225.8,-4.1,-221.6C53.5,-217.5,107,-189,155.7,-148Z;
                    M143.5,-125.6C193.1,-93.8,245.6,-46.9,249.3,3.8C253.1,54.4,208.2,108.9,158.6,147.6C108.9,186.2,54.4,209.1,4.9,204.2C-44.5,199.2,-89.1,166.4,-137.1,127.8C-185.1,89.1,-236.5,44.5,-245.6,-9.1C-254.7,-62.7,-221.4,-125.4,-173.4,-157.2C-125.4,-189.1,-62.7,-190,-7.9,-182.1C46.9,-174.2,93.8,-157.5,143.5,-125.6Z;
                    M132.7,-141.2C167.4,-98.1,187.7,-49,189.7,2C191.7,53,175.4,106.1,140.7,153.7C106.1,201.4,53,243.7,-4.6,248.3C-62.2,252.9,-124.5,219.8,-169.1,172.1C-213.8,124.5,-240.9,62.2,-241.7,-0.8C-242.5,-63.9,-217.1,-127.8,-172.4,-170.9C-127.8,-214.1,-63.9,-236.5,-7.4,-229.1C49,-221.7,98.1,-184.4,132.7,-141.2Z
                "></animate>
                        </path>
                    </g>
                </svg>
            </div>
        </div>
    </div>
    <footer>
        Allerton's Automatica s.r.o.
        Bartošova 1729/9, 750 02 Přerov
        IČ: 08090149
        ©2019, Allerton's Automatica s. r. o.
    </footer>
    <script src='index.js'></script>
</body>

</html>